6819476835722595590
6830189877028490502
6843428822872804613
6978117221792894214
7024692283316489478
7039738793309637893
7087406480164474117
7092861820154711301
7097594574901710085
7101805204806405382
7102164197076634886
7123650713695112454
7125745920976653573
7128885535455644933
7129168180697713925
7131177146990595334
7131733847854664966
7132085000597622022
7132470191467842821
7133012010236644613
7134012101462428934
7134350801010527493
7134747160419093765
7135101876692929798
7135803985977429254
7136201908049546502
7136538019363867910
7136913119053384966
7137320777388395782
7137767736888937734
7138139410851237125
7140363629819481350
7140646724183297286
7141018823154470150
7141097335672655130
7141472042238397701
7141837836159913221
7142103407187266821
7142593265534110981
7142976551632522501
7143355557309730054
7144053367927590149
7144472046108495109
7144801859243478277
7146966322545446149
7147409518463290630
7148499567690976518
7150014028511808773
7150407091344264454
7150745775612366086
7151141667234516229
7151775320650157318
7151871722235497733
7152110810976849158
7152570422100380933
7153620771036728582
7155109867198418181
7157088430839631110
7157345301458652422
7157683298905443590
7158215364860546310
7158935824845901062
7159259215175961861
7159684077078056198
7161204233860041990
7161891112343457029
7162282370211532037
7162615373861309702
7162694787693284614
7162872382942629126
7162920315218087174
7163379865733942533
7163772825461853446
7164145793434225925
7164905866431319301
7165516573455764741
7167116432512126214
7167505737214643462
7167768730431294726
7168191740644510982
7169302154082110726
7170086072884481285
7170318082446019845
7170399860426853638
7170688728988421381
7172658171608141061
7173003204223978758
7174516808400014598
7174901199286619397
7175523555927411974
7175633829955259654
7175969785203756293
7177117922169556229
7177848994901560581
7178130085227089158
7178503899534429446
7179348516119088389
7180702229131693317
7186376198358928645
7188558137861868806
7191113045370866950
7191230651218103557
7191464495028407558
7194055345004612869
7195668255682333957
7196016732249607430
7196307953824156933
7196416586423586054
7199270963299503365
7201160205030198534
7201494354500881669
7211177158851497221
7217197572622961925
7224277261007080710
7232386311330581765
7235020342123629829
7248389240256548101
7248657102187678982
7249095247077199109
7250083252973604102
7250562695643090181
7255074217979383046
7256061139488869637
7256435645403368709
7257629189803740421
7257983925031570693
7258399863820389637
7260602106560662790
7261262427470171398
7261719493234265349
7263550883932228870
7264173841973316870
7264689053826665734
7265416156662549765
7266148366793460998
7266803953864641798
7267948056182623493
7268768328976518405
7269147234262928646
7270610662198365446
7271001413264706822
7271653231976238341
7273983074470235397
7274588859537558789
7275839268952591622
7276110548935249158
7278034913729907974
7279779784622738693
7280645870536740101
7281383855074921733
7282146253863947525
7283993595370048773
7284631926319680774
7286198362238389509
7286936924546223365
7288713801967488262
7290172950219623686
7291681500502756614
7292420764903558405
7294683428400663813
7295018100062276870
7296865269857668358
7297224616420936966
7297597846126087430
7298458722014104838
7299936810812067077
7301710295242738950
7302491748859792646
7305130113845316870
7307407042505968901
7307722417466658054
7308835390495018245
7313246185358118149
7321095904071666949
7322112548835249413
7322475731206851846
7326548625985785093
7328353454852787461
7339284278716501254
7356395251298340102
7356978088254704902
7373295250850254086
7379649527453715717
7379709129310358789
7384781588619463942
7385652296526351622
7404588313635523845
7409035059522735365
7421161097845034246
7429111489337806086
7439699697830284599
7467680638980721925
7509286954010266886
7619341364228050183
